# x: 50...491 = 20 Hz...20 kHz  -> (x+141)/147
# y: 40...350 = +30...-30 dB    -> (y-195) / 5.1667

 51 224
 62 226
 78 223
 98 215
111 213
117 210
129 210
144 201
157 198
168 197
183 195
197 193
205 192
207 192
209 192
239 192
268 192
270 192
272 193
281 196
284 198
285 198
294 197
305 196
311 196
324 201
336 206
343 210
351 213
360 213
368 211
373 209
389 209
394 205
398 198
403 192
407 183
411 178
412 176
416 176
420 179
424 185
426 189
433 206
437 212
439 211
445 194
450 189
454 185
460 185
470 190
475 190
478 187
481 188
486 191
490 196
